261835
95419
478485
92878
416109
202473
42196
142840
453431
249698
97447
10755
311737
42954
329432
218448
493686
139559
272236
448745
198964
464390
392324
247248
56677
120704
382322
269690
72148
323535
53853
333984
439601
52984
447509
355710
276104
489705
498550
229534
239402
95997
240290
71785
138951
90368
310880
153283
229927
83115
122674
428891
68151
14998
196785
124829
156349
99753
394519
228497
423289
469019
83127
362889
22002
30635
239245
298106
40986
237795
27639
280389
354439
288576
372821
14036
378944
183701
167320
108870
287463
289994
58408
355615
325639
275840
480444
481988
375594
395609
231132
319529
364627
334906
203064
386629
386189
442310
184734
427175