261835
95419
478485
92878
416109
202473
42196
142840
453431
249698
97447
10755
311737
42954
329432
218448
493686
139559
272236
448745
198964
464390
392324
247248
56677
120704
382322
269690
72148
323535
53853
333984
439601
52984
447509
355710
276104
489705
498550
229534
239402
95997
240290
71785
138951
90368
310880
153283
229927
83115
122674
428891
68151
14998
196785
124829
156349
99753
394519
228497
423289
469019
83127
362889
22002
30635
239245
298106
40986
237795
27639
280389
354439
288576
372821
14036
378944
183701
167320
108870
287463
289994
58408
355615
325639
275840
480444
481988
375594
395609
231132
319529
364627
334906
203064
386629
386189
442310
184734
427175
180104
233020
228210
55189
21596
101031
69225
421187
284732
257192
50704
72194
67833
109112
427809
393472
405599
428899
396107
281192
324507
127238
121367
189133
462144
324432
96408
368979
266741
301789
296154
467492
34809
24363
22680
77052
146041
112552
18885
451420
369745
69589
23614
437578
199348
472070
351696
104947
421616
247802
406786
266769
375040
28153
455903
357831
352585
72957
226809
119325
374747
43609
107463
430203
88620
150790
27901
234661
263342
46786
186081
153733
116376
230342
111957
315724
223058
463654
441318
144673
232102
348104
432090
107142
376257
408639
485620
249488
481596
233075
389460
376989
297332
496923
307191
385952
147712
355739
141259
431701
402526
347987
85434
39548
98975
197391
375919
322034
161044
317237
487354
413794
185987
419443
20935
82890
328081
27201
332378
330324
280923
242484
207312
78254
239406
35150
464206
407765
390889
126112
339465
314061
474099
445546
374256
73074
142937
270822
415755
324628
88058
423755
238421
294692
363845
280003
377582
212572
327851
230606
42895
108774
493737
270855
187028
253789
306005
171881
161553
217540
297993
21664
52248
272091
467211
447151
365812
130794
217972
302213
455422
326677
225968
214490
121368
110459
494493
19596
323031
322344
270849
386574
431118
264585
157428
138792
18373
484080
310673
200573
222266
108665
242885
274514
401404
210095
242312
287862
340889
460284
90075
316957
307608
336690
31446
428976
447149
46586
469220
270179
368930
260715
177399
320694
45947
334827
459486
64320
318906
290806
285541
61819
420118
28425
336333
342168
259167
99291
130030
120702
59575
240752
437659
367183
77441
489753
316805
45236
36338
306671
336062
405268
67386
13461
246608
113333
348288
226740
198300
187841
17545
4487
249660
437664
53559
106639
300478
312726
205931
430508
433428
286153
191906
391734
173982
269347
381486
490787
335230
417824
318105
171292
343738
385491
184753
110992
19470
53687
337732
238417
262175
355278
263552
32481
313588
317111
139121
114065
129837
365699
65220
83911
151851
257126
496292
325833
47120
377777
337266
382350
316247
155370
74288
180631
61507
259041
291623
101624
333376
129355
340042
95550
5279
103593
128032
318867
441351
287800
453579
91834
153498
39445
175746
325996
296572
192684
172475
364339
70461
9740
246688
407355
185758
320977
87986
267912
100664
400256
369537
434040
29610
230225
50237
55536
354465
198916
395050
295815
486716
348629
387650
160860
388074
84042
486856
205292
276726
179977
69630
367834
210364
336966
275189
396122
157942
383822
164034
279253
284077
54217
233940
334335
284442
284177
410518
138906
483093
305568
434721
490455
174843
343017
151314
62916
427059
158816
288856
203785
338793
379133
71618
49156
216098
367454
465926
394687
251275
150606
173940
559996